38.5563 -74.6556 1
38.5534 -74.6407 1
38.5505 -74.6257 1
38.5446 -74.6594 1
38.5388 -74.6931 1
38.5359 -74.6781 1
38.5329 -74.6631 1
38.5271 -74.6332 1
38.5241 -74.6183 1
38.5183 -74.6519 1
38.5124 -74.6221 1
38.5037 -74.6407 1
41.1373 -70.5878 1
41.1361 -70.4713 1
41.1350 -70.5219 1
41.1223 -70.5771 1
41.1211 -70.4606 1
41.1200 -70.5112 1
41.1188 -70.5618 1
41.1176 -70.4453 1
41.1176 -70.6123 1
41.1165 -70.4958 1
41.1153 -70.5464 1
41.1142 -70.5970 1
41.1142 -70.4300 1
41.1130 -70.4806 1
41.1130 -70.6476 1
41.1119 -70.5311 1
41.1095 -70.6322 1
41.0992 -70.5862 1
41.0980 -70.4698 1
41.0977 -70.8038 1
41.0969 -70.5204 1
41.0957 -70.5709 1
41.0957 -70.4040 1
41.0955 -70.7379 1
41.0946 -70.4545 1
41.0945 -70.6215 1
41.0943 -70.7884 1
41.0934 -70.5051 1
41.0933 -70.6720 1
41.0923 -70.5556 1
41.0911 -70.4392 1
41.0911 -70.6061 1
41.0900 -70.4897 1
41.0899 -70.6567 1
41.0896 -70.8236 1
41.0888 -70.5403 1
41.0887 -70.3734 1
41.0886 -70.7072 1
41.0874 -70.7578 1
41.0864 -70.6414 1
41.0852 -70.6919 1
41.0807 -70.3933 1
41.0805 -70.7271 1
41.0761 -70.5954 1
41.0761 -70.4285 1
41.0749 -70.4790 1
41.0738 -70.5296 1
41.0726 -70.5801 1
41.0726 -70.4132 1
41.0724 -70.7470 1
41.0715 -70.4637 1
41.0714 -70.6306 1
41.0703 -70.5143 1
41.0702 -70.6812 1
41.0692 -70.5648 1
41.0680 -70.4484 1
41.0680 -70.6153 1
41.0669 -70.4990 1
41.0668 -70.6658 1
41.0657 -70.5495 1
41.0656 -70.3826 1
41.0655 -70.7164 1
41.0643 -70.7669 1
41.0633 -70.6505 1
41.0621 -70.7010 1
41.0576 -70.4025 1
41.0574 -70.7362 1
41.0562 -70.7867 1
41.0530 -70.6046 1
41.0530 -70.4377 1
41.0519 -70.4882 1
41.0507 -70.5388 1
41.0506 -70.3719 1
41.0495 -70.5893 1
41.0495 -70.4224 1
41.0493 -70.7561 1
41.0484 -70.4729 1
41.0483 -70.6398 1
41.0473 -70.5234 1
41.0471 -70.6903 1
41.0461 -70.5739 1
41.0449 -70.4576 1
41.0449 -70.6245 1
41.0438 -70.5081 1
41.0437 -70.6750 1
41.0426 -70.5587 1
41.0426 -70.3918 1
41.0424 -70.7255 1
41.0412 -70.7760 1
41.0402 -70.6597 1
41.0399 -70.8265 1
41.0390 -70.7101 1
41.0365 -70.8112 1
41.0345 -70.4117 1
41.0343 -70.7453 1
41.0331 -70.7958 1
41.0299 -70.4469 1
41.0299 -70.6137 1
41.0288 -70.4974 1
41.0276 -70.5479 1
41.0276 -70.3811 1
41.0264 -70.5984 1
41.0264 -70.4316 1
41.0262 -70.7652 1
41.0253 -70.4821 1
41.0252 -70.6489 1
41.0242 -70.5326 1
41.0240 -70.6994 1
41.0230 -70.5831 1
41.0218 -70.4668 1
41.0218 -70.6336 1
41.0207 -70.5173 1
41.0206 -70.6841 1
41.0195 -70.5678 1
41.0195 -70.4010 1
41.0193 -70.7346 1
41.0181 -70.7851 1
41.0171 -70.6688 1
41.0159 -70.7193 1
41.0134 -70.8202 1
41.0125 -70.3705 1
41.0114 -70.4209 1
41.0112 -70.7544 1
41.0100 -70.8049 1
41.0068 -70.4561 1
41.0068 -70.6229 1
41.0057 -70.5066 1
41.0045 -70.5571 1
41.0045 -70.3904 1
41.0034 -70.4408 1
41.0033 -70.6075 1
41.0031 -70.7743 1
41.0022 -70.4913 1
41.0021 -70.6580 1
41.0013 -70.9915 1
41.0011 -70.5418 1
41.0009 -70.7085 1
40.9999 -71.0420 1
40.9999 -70.5923 1
40.9988 -70.4760 1
40.9987 -70.6427 1
40.9976 -70.5265 1
40.9975 -70.6932 1
40.9971 -70.8599 1
40.9965 -71.0266 1
40.9964 -70.5770 1
40.9964 -70.4102 1
40.9962 -70.7437 1
40.9958 -70.9104 1
40.9950 -70.7941 1
40.9945 -70.9608 1
40.9940 -70.6779 1
40.9928 -70.7284 1
40.9924 -70.8951 1
40.9911 -70.9456 1
40.9903 -70.8293 1
40.9895 -70.3797 1
40.9890 -70.8798 1
40.9883 -70.4301 1
40.9881 -70.7635 1
40.9877 -70.9302 1
40.9868 -70.8140 1
40.9863 -70.9807 1
40.9837 -70.4653 1
40.9837 -70.6320 1
40.9826 -70.5158 1
40.9821 -70.8492 1
40.9816 -71.0158 1
40.9814 -70.5663 1
40.9814 -70.3996 1
40.9803 -70.4500 1
40.9803 -70.6167 1
40.9800 -70.7834 1
40.9791 -70.5005 1
40.9790 -70.6672 1
40.9782 -71.0005 1
40.9780 -70.5510 1
40.9778 -70.7176 1
40.9768 -70.6014 1
40.9768 -71.0510 1
40.9757 -70.4852 1
40.9756 -70.6519 1
40.9745 -70.5356 1
40.9744 -70.7023 1
40.9740 -70.8690 1
40.9734 -71.0356 1
40.9733 -70.5861 1
40.9733 -70.4195 1
40.9731 -70.7528 1
40.9727 -70.9194 1
40.9719 -70.8032 1
40.9714 -70.9699 1
40.9709 -70.6870 1
40.9697 -70.7375 1
40.9693 -70.9041 1
40.9679 -70.9546 1
40.9672 -70.8384 1
40.9664 -70.3889 1
40.9659 -70.8888 1
40.9653 -70.4393 1
40.9650 -70.7726 1
40.9645 -70.9393 1
40.9637 -70.8231 1
40.9632 -70.9897 1
40.9629 -70.3736 1
40.9607 -70.4745 1
40.9606 -70.6411 1
40.9595 -70.5250 1
40.9590 -70.8582 1
40.9584 -71.0248 1
40.9584 -70.5754 1
40.9583 -70.4088 1
40.9572 -70.4592 1
40.9572 -70.6259 1
40.9569 -70.7925 1
40.9560 -70.5097 1
40.9559 -70.6763 1
40.9550 -71.0095 1
40.9549 -70.5601 1
40.9547 -70.7267 1
40.9537 -70.6105 1
40.9526 -70.4944 1
40.9525 -70.6610 1
40.9514 -70.5448 1
40.9513 -70.7114 1
40.9509 -70.8781 1
40.9503 -71.0446 1
40.9502 -70.5953 1
40.9502 -70.4286 1
40.9500 -70.7619 1
40.9496 -70.9285 1
40.9488 -70.8123 1
40.9482 -70.9789 1
40.9478 -70.6961 1
40.9466 -70.7466 1
40.9462 -70.9131 1
40.9448 -70.9636 1
40.9440 -70.8474 1
40.9433 -70.3981 1
40.9427 -70.8979 1
40.9422 -70.4485 1
40.9419 -70.7817 1
40.9414 -70.9483 1
40.9406 -70.8321 1
40.9401 -70.9987 1
40.9398 -70.3828 1
40.9376 -70.4837 1
40.9375 -70.6503 1
40.9364 -70.5341 1
40.9359 -70.8672 1
40.9353 -71.0338 1
40.9353 -70.5845 1
40.9352 -70.4180 1
40.9341 -70.4684 1
40.9341 -70.6350 1
40.9338 -70.8015 1
40.9330 -70.5188 1
40.9328 -70.6854 1
40.9319 -71.0185 1
40.9318 -70.5693 1
40.9316 -70.7358 1
40.9306 -70.6197 1
40.9295 -70.5035 1
40.9294 -70.6701 1
40.9283 -70.5540 1
40.9282 -70.7205 1
40.9278 -70.8871 1
40.9272 -70.6044 1
40.9272 -70.4379 1
40.9269 -70.7709 1
40.9264 -70.9375 1
40.9256 -70.8214 1
40.9251 -70.9879 1
40.9247 -70.7053 1
40.9235 -70.7557 1
40.9230 -70.9222 1
40.9217 -70.9726 1
40.9209 -70.8565 1
40.9202 -70.4073 1
40.9196 -70.9069 1
40.9191 -70.4577 1
40.9188 -70.7908 1
40.9183 -70.9573 1
40.9175 -70.8412 1
40.9169 -71.0077 1
40.9167 -70.3920 1
40.9145 -70.4929 1
40.9144 -70.6594 1
40.9133 -70.5433 1
40.9133 -70.3768 1
40.9128 -70.8763 1
40.9122 -71.0428 1
40.9122 -70.5937 1
40.9121 -70.4272 1
40.9110 -70.4776 1
40.9110 -70.6441 1
40.9109 -70.3111 1
40.9107 -70.8106 1
40.9099 -70.5280 1
40.9098 -70.3615 1
40.9097 -70.6945 1
40.9088 -71.0275 1
40.9087 -70.5784 1
40.9085 -70.7449 1
40.9075 -70.6288 1
40.9064 -70.5127 1
40.9063 -70.6792 1
40.9063 -70.3462 1
40.9052 -70.5631 1
40.9051 -70.7296 1
40.9046 -70.8961 1
40.9041 -70.4471 1
40.9041 -70.6135 1
40.9038 -70.7800 1
40.9033 -70.9465 1
40.9028 -70.3310 1
40.9025 -70.8304 1
40.9020 -70.9969 1
40.9016 -70.7144 1
40.9004 -70.7647 1
38.4657 -74.8276 1
38.4627 -74.8126 1
38.4598 -74.7977 1
38.4598 -74.8612 1
38.4569 -74.7827 1
38.4569 -74.8462 1
38.4540 -74.7678 1
38.4540 -74.8313 1
38.4510 -74.8163 1
38.4481 -74.8014 1
38.4452 -74.7865 1
38.4452 -74.8499 1
38.4423 -74.7715 1
38.4423 -74.8350 1
38.4393 -74.8201 1
38.4364 -74.8051 1
38.4335 -74.7902 1
38.4335 -74.8536 1
38.4306 -74.7753 1
38.4306 -74.8387 1
38.4277 -74.7603 1
38.4276 -74.8238 1
38.4247 -74.8088 1
38.4218 -74.7939 1
38.4218 -74.8574 1
38.4189 -74.7790 1
38.4189 -74.8424 1
38.4160 -74.7640 1
38.4159 -74.8275 1
38.4131 -74.7491 1
38.4130 -74.8126 1
38.4101 -74.7342 1
38.4101 -74.7976 1
38.4101 -74.8611 1
38.4072 -74.7827 1
38.4071 -74.8461 1
38.4043 -74.7678 1
38.4042 -74.8312 1
38.4014 -74.7528 1
38.4013 -74.8163 1
38.3984 -74.7379 1
38.3984 -74.8014 1
38.3955 -74.7864 1
38.3955 -74.8499 1
38.3926 -74.7715 1
38.3925 -74.8349 1
38.3896 -74.7566 1
38.3896 -74.8200 1
38.3867 -74.7416 1
38.3867 -74.8051 1
38.3838 -74.7267 1
38.3838 -74.7902 1
38.3838 -74.8536 1
38.3809 -74.7118 1
38.3809 -74.7752 1
38.3808 -74.8387 1
38.3780 -74.7603 1
38.3779 -74.8237 1
38.3750 -74.7454 1
38.3750 -74.8088 1
38.3721 -74.7305 1
38.3721 -74.7939 1
38.3720 -74.8573 1
38.3692 -74.7789 1
38.3692 -74.7155 1
38.3691 -74.8423 1
38.3663 -74.7640 1
38.3663 -74.7006 1
38.3662 -74.8275 1
38.3633 -74.7491 1
38.3633 -74.8125 1
38.3604 -74.7342 1
38.3604 -74.7976 1
38.3603 -74.8610 1
38.3575 -74.7193 1
38.3575 -74.7827 1
38.3574 -74.8461 1
38.3546 -74.7678 1
38.3546 -74.7043 1
38.3545 -74.8311 1
38.3516 -74.7528 1
38.3516 -74.6895 1
38.3516 -74.8162 1
38.3487 -74.7379 1
38.3487 -74.8013 1
38.3458 -74.7230 1
38.3458 -74.7864 1
38.3457 -74.8498 1
38.3429 -74.7715 1
38.3429 -74.7081 1
38.3428 -74.8349 1
38.3399 -74.7566 1
38.3399 -74.6932 1
38.3399 -74.8199 1
38.3370 -74.7416 1
38.3370 -74.8050 1
38.3370 -74.6783 1
38.3341 -74.7267 1
38.3341 -74.7901 1
38.3340 -74.8535 1
38.3312 -74.7118 1
38.3312 -74.7752 1
38.3311 -74.8386 1
38.3282 -74.7603 1
38.3282 -74.6969 1
38.3282 -74.8237 1
38.3253 -74.7454 1
38.3253 -74.6820 1
38.3253 -74.8087 1
38.3224 -74.7305 1
38.3224 -74.7938 1
38.3224 -74.6671 1
38.3223 -74.8572 1
38.3195 -74.7155 1
38.3195 -74.7789 1
38.3194 -74.8423 1
38.3165 -74.7640 1
38.3165 -74.7007 1
38.3165 -74.8274 1
38.3136 -74.7491 1
38.3136 -74.6857 1
38.3136 -74.8125 1
38.3107 -74.7342 1
38.3107 -74.7975 1
38.3107 -74.6708 1
38.3078 -74.7193 1
38.3078 -74.7827 1
38.3077 -74.6559 1
38.3048 -74.7677 1
38.3048 -74.7044 1
38.3048 -74.8311 1
38.3019 -74.7528 1
38.3019 -74.6895 1
38.3019 -74.8162 1
38.2990 -74.7379 1
38.2990 -74.8013 1
38.2990 -74.6746 1
38.2961 -74.7230 1
38.2961 -74.7864 1
38.2960 -74.6597 1
38.2931 -74.7715 1
38.2931 -74.7081 1
38.2931 -74.6448 1
38.2902 -74.7565 1
38.2902 -74.6932 1
38.2902 -74.6299 1
38.2873 -74.7416 1
38.2873 -74.6783 1
38.2844 -74.7267 1
38.2844 -74.6634 1
38.2814 -74.7119 1
38.2814 -74.7752 1
38.2814 -74.6485 1
38.2785 -74.7603 1
38.2785 -74.6969 1
38.2785 -74.6336 1
39.6622 -73.9553 1
39.6592 -73.9402 1
39.6506 -73.9593 1
39.6475 -73.9441 1
39.6389 -73.9632 1
39.6359 -73.9480 1
39.6272 -73.9671 1
39.6242 -73.9520 1
39.6216 -74.0013 1
39.6185 -73.9862 1
39.6155 -73.9710 1
39.6129 -74.0204 1
39.6125 -73.9559 1
39.6099 -74.0052 1
39.6095 -73.9407 1
39.6069 -73.9901 1
39.6039 -73.9749 1
39.6008 -73.9598 1
39.5982 -74.0092 1
39.5978 -73.9446 1
39.5952 -73.9940 1
39.5922 -73.9789 1
39.5892 -73.9637 1
39.5865 -74.0131 1
39.5861 -73.9486 1
39.5835 -73.9980 1
39.5809 -74.0473 1
39.5805 -73.9828 1
39.5779 -74.0322 1
39.5775 -73.9677 1
39.5749 -74.0170 1
39.5745 -73.9525 1
39.5719 -74.0019 1
39.5688 -73.9867 1
39.5662 -74.0361 1
39.5658 -73.9716 1
39.5632 -74.0209 1
39.5628 -73.9564 1
39.5602 -74.0058 1
39.5598 -73.9413 1
39.5572 -73.9906 1
39.5545 -74.0400 1
39.5541 -73.9755 1
39.5515 -74.0248 1
39.5511 -73.9604 1
39.5485 -74.0097 1
39.5481 -73.9452 1
39.5455 -73.9946 1
39.5425 -73.9794 1
39.5394 -73.9643 1
39.5364 -73.9492 1
39.5308 -73.9833 1
39.5278 -73.9682 1
39.5247 -73.9531 1
39.5191 -73.9872 1
39.5161 -73.9721 1
39.5131 -73.9570 1
39.5100 -73.9419 1
39.5075 -73.9911 1
39.5044 -73.9760 1
39.5014 -73.9609 1
39.4988 -74.0102 1
39.4984 -73.9458 1
39.4958 -73.9951 1
39.4931 -74.0444 1
39.4927 -73.9799 1
39.4901 -74.0292 1
39.4897 -73.9648 1
39.4871 -74.0141 1
39.4867 -73.9497 1
39.4841 -73.9990 1
39.4815 -74.0483 1
39.4811 -73.9839 1
39.4785 -74.0331 1
39.4781 -73.9688 1
39.4754 -74.0180 1
39.4750 -73.9536 1
39.4724 -74.0029 1
39.4694 -73.9878 1
39.4668 -74.0370 1
39.4664 -73.9727 1
39.4638 -74.0219 1
39.4607 -74.0068 1
39.4581 -74.0561 1
39.4577 -73.9917 1
39.4555 -74.1053 1
39.4551 -74.0410 1
39.4547 -73.9766 1
39.4525 -74.0902 1
39.4521 -74.0258 1
39.4494 -74.0751 1
39.4491 -74.0107 1
39.4468 -74.1244 1
39.4464 -74.0600 1
39.4460 -73.9956 1
39.4438 -74.1093 1
39.4434 -74.0449 1
39.4430 -73.9805 1
39.4408 -74.0941 1
39.4404 -74.0298 1
39.4378 -74.0790 1
39.4374 -74.0146 1
39.4348 -74.0639 1
39.4344 -73.9995 1
39.4317 -74.0488 1
39.4313 -73.9844 1
39.4291 -74.0980 1
39.4287 -74.0337 1
39.4283 -73.9693 1
39.4261 -74.0829 1
39.4257 -74.0186 1
39.4231 -74.0678 1
39.4227 -74.0034 1
39.4201 -74.0527 1
39.4197 -73.9883 1
39.4174 -74.1019 1
39.4171 -74.0376 1
39.4167 -73.9732 1
39.4144 -74.0868 1
39.4140 -74.0225 1
39.4136 -73.9581 1
39.4114 -74.0717 1
39.4110 -74.0073 1
39.4084 -74.0566 1
39.4080 -73.9922 1
39.4057 -74.1058 1
39.4054 -74.0414 1
39.4050 -73.9771 1
39.4027 -74.0907 1
39.4024 -74.0264 1
39.4020 -73.9620 1
39.3997 -74.0756 1
39.3993 -74.0112 1
39.3967 -74.0605 1
39.3963 -73.9961 1
39.3937 -74.0453 1
39.3933 -73.9810 1
39.3911 -74.0946 1
39.3907 -74.0302 1
39.3903 -73.9659 1
39.3881 -74.0795 1
39.3877 -74.0151 1
39.3850 -74.0644 1
39.3847 -74.0000 1
39.3820 -74.0493 1
39.3816 -73.9849 1
39.3794 -74.0985 1
39.3790 -74.0341 1
39.3786 -73.9698 1
39.3764 -74.0834 1
39.3760 -74.0190 1
39.3734 -74.0683 1
39.3730 -74.0039 1
39.3710 -74.1818 1
39.3707 -74.1175 1
39.3703 -74.0532 1
39.3700 -73.9888 1
39.3680 -74.1667 1
39.3677 -74.1024 1
39.3673 -74.0381 1
39.3669 -73.9738 1
39.3650 -74.1516 1
39.3647 -74.0872 1
39.3643 -74.0229 1
39.3639 -73.9586 1
39.3620 -74.1365 1
39.3617 -74.0721 1
39.3613 -74.0078 1
39.3593 -74.1857 1
39.3590 -74.1213 1
39.3587 -74.0571 1
39.3583 -73.9927 1
39.3564 -74.1706 1
39.3560 -74.1063 1
39.3557 -74.0419 1
39.3553 -73.9777 1
39.3534 -74.1555 1
39.3530 -74.0912 1
39.3527 -74.0269 1
39.3523 -73.9626 1
39.3504 -74.1404 1
39.3500 -74.0760 1
39.3496 -74.0117 1
39.3477 -74.1895 1
39.3473 -74.1252 1
39.3470 -74.0609 1
39.3466 -73.9966 1
39.3447 -74.1744 1
39.3443 -74.1101 1
39.3440 -74.0458 1
39.3436 -73.9816 1
39.3417 -74.1593 1
39.3413 -74.0950 1
39.3410 -74.0308 1
39.3406 -73.9665 1
39.3387 -74.1442 1
39.3383 -74.0800 1
39.3379 -74.0157 1
39.3357 -74.1291 1
39.3353 -74.0648 1
39.3349 -74.0005 1
39.3330 -74.1783 1
39.3327 -74.1140 1
39.3323 -74.0497 1
39.3319 -73.9855 1
39.3300 -74.1632 1
39.3297 -74.0989 1
39.3293 -74.0347 1
39.3289 -73.9704 1
39.3270 -74.1481 1
39.3267 -74.0838 1
39.3263 -74.0196 1
39.3240 -74.1330 1
39.3236 -74.0687 1
39.3233 -74.0045 1
39.3213 -74.1822 1
39.3210 -74.1179 1
39.3206 -74.0536 1
39.3202 -73.9894 1
39.3183 -74.1671 1
39.3180 -74.1028 1
39.3176 -74.0385 1
39.3172 -73.9743 1
39.3153 -74.1520 1
39.3150 -74.0877 1
39.3146 -74.0234 1
39.3123 -74.1369 1
39.3120 -74.0726 1
39.3116 -74.0084 1
39.3096 -74.1860 1
39.3093 -74.1218 1
39.3090 -74.0575 1
39.3086 -73.9933 1
39.3069 -74.2352 1
39.3066 -74.1710 1
39.3063 -74.1067 1
39.3059 -74.0424 1
39.3055 -73.9782 1
39.3039 -74.2201 1
39.3036 -74.1559 1
39.3033 -74.0916 1
39.3029 -74.0273 1
39.3009 -74.2050 1
39.3006 -74.1407 1
39.3003 -74.0765 1
39.2999 -74.0123 1
39.2980 -74.1899 1
39.2976 -74.1257 1
39.2973 -74.0614 1
39.2969 -73.9972 1
39.2952 -74.2391 1
39.2949 -74.1748 1
39.2946 -74.1106 1
39.2943 -74.0463 1
39.2939 -73.9821 1
39.2923 -74.2240 1
39.2920 -74.1597 1
39.2916 -74.0955 1
39.2913 -74.0313 1
39.2893 -74.2089 1
39.2890 -74.1447 1
39.2886 -74.0804 1
39.2882 -74.0162 1
39.2863 -74.1938 1
39.2860 -74.1295 1
39.2856 -74.0653 1
39.2852 -74.0011 1
39.2836 -74.2429 1
39.2833 -74.1787 1
39.2830 -74.1145 1
39.2826 -74.0502 1
39.2822 -73.9860 1
39.2808 -74.2921 1
39.2806 -74.2278 1
39.2803 -74.1636 1
39.2799 -74.0994 1
39.2796 -74.0352 1
39.2779 -74.2770 1
39.2776 -74.2127 1
39.2773 -74.1485 1
39.2769 -74.0843 1
39.2766 -74.0201 1
39.2746 -74.1977 1
39.2743 -74.1334 1
39.2739 -74.0692 1
39.2735 -74.0050 1
39.2721 -74.3110 1
39.2716 -74.1826 1
39.2713 -74.1183 1
39.2709 -74.0541 1
39.2705 -73.9899 1
39.2691 -74.2959 1
39.2686 -74.1675 1
39.2683 -74.1033 1
39.2679 -74.0390 1
39.2662 -74.2808 1
39.2659 -74.2166 1
39.2656 -74.1524 1
39.2653 -74.0882 1
39.2649 -74.0240 1
39.2634 -74.3300 1
39.2632 -74.2657 1
39.2629 -74.2015 1
39.2626 -74.1373 1
39.2623 -74.0731 1
39.2619 -74.0089 1
39.2604 -74.3149 1
39.2599 -74.1864 1
39.2596 -74.1222 1
39.2592 -74.0580 1
39.2589 -73.9938 1
39.2575 -74.2998 1
39.2569 -74.1714 1
39.2566 -74.1071 1
39.2562 -74.0429 1
39.2545 -74.2847 1
39.2539 -74.1563 1
39.2536 -74.0920 1
39.2532 -74.0279 1
39.2515 -74.2696 1
39.2509 -74.1412 1
39.2506 -74.0770 1
39.2502 -74.0128 1
39.2488 -74.3187 1
39.2485 -74.2545 1
39.2482 -74.1903 1
39.2479 -74.1261 1
39.2476 -74.0619 1
39.2472 -73.9977 1
39.2458 -74.3036 1
39.2452 -74.1752 1
39.2449 -74.1110 1
39.2446 -74.0468 1
39.2422 -74.1602 1
39.2419 -74.0959 1
39.2415 -74.0317 1
39.2398 -74.2734 1
39.2392 -74.1451 1
39.2389 -74.0809 1
39.2385 -74.0167 1
39.2371 -74.3226 1
39.2368 -74.2584 1
39.2362 -74.1300 1
39.2359 -74.0658 1
39.2355 -74.0016 1
39.2341 -74.3075 1
39.2336 -74.1791 1
39.2332 -74.1149 1
39.2329 -74.0507 1
39.2306 -74.1640 1
39.2302 -74.0998 1
39.2299 -74.0356 1
39.2276 -74.1489 1
39.2272 -74.0847 1
39.2268 -74.0206 1
39.2254 -74.3264 1
39.2251 -74.2622 1
39.2246 -74.1339 1
39.2242 -74.0697 1
39.2238 -74.0055 1
39.2224 -74.3113 1
39.2222 -74.2471 1
39.2219 -74.1830 1
39.2216 -74.1188 1
39.2212 -74.0546 1
39.2192 -74.2321 1
39.2189 -74.1679 1
39.2185 -74.1037 1
39.2182 -74.0396 1
39.2162 -74.2170 1
39.2159 -74.1528 1
39.2155 -74.0886 1
39.2152 -74.0245 1
39.2137 -74.3303 1
39.2135 -74.2661 1
39.2132 -74.2019 1
39.2129 -74.1377 1
39.2125 -74.0735 1
39.2107 -74.3152 1
39.2105 -74.2510 1
39.2102 -74.1868 1
39.2099 -74.1227 1
39.2095 -74.0585 1
39.2075 -74.2359 1
39.2072 -74.1718 1
39.2069 -74.1076 1
39.2065 -74.0434 1
39.2045 -74.2208 1
39.2042 -74.1567 1
39.2039 -74.0925 1
39.2035 -74.0284 1
39.2018 -74.2699 1
39.2015 -74.2057 1
39.2012 -74.1416 1
39.2009 -74.0775 1
39.2005 -74.0133 1
39.1993 -74.3832 1
39.1990 -74.3190 1
39.1988 -74.2549 1
39.1985 -74.1907 1
39.1982 -74.1265 1
39.1978 -74.0624 1
39.1963 -74.3681 1
39.1961 -74.3039 1
39.1958 -74.2398 1
39.1955 -74.1756 1
39.1952 -74.1115 1
39.1948 -74.0473 1
39.1933 -74.3530 1
39.1931 -74.2888 1
39.1928 -74.2247 1
39.1925 -74.1606 1
39.1922 -74.0964 1
39.1918 -74.0323 1
39.1903 -74.3379 1
39.1901 -74.2738 1
39.1898 -74.2096 1
39.1895 -74.1455 1
39.1892 -74.0813 1
39.1876 -74.3870 1
39.1874 -74.3228 1
39.1871 -74.2587 1
39.1868 -74.1945 1
39.1865 -74.1304 1
39.1862 -74.0663 1
39.1846 -74.3719 1
39.1844 -74.3078 1
39.1841 -74.2436 1
39.1838 -74.1795 1
39.1835 -74.1154 1
39.1832 -74.0512 1
39.1816 -74.3568 1
39.1814 -74.2927 1
39.1811 -74.2286 1
39.1808 -74.1644 1
39.1805 -74.1003 1
39.1788 -74.4059 1
39.1786 -74.3418 1
39.1784 -74.2776 1
39.1781 -74.2135 1
39.1778 -74.1494 1
39.1775 -74.0852 1
39.1759 -74.3908 1
39.1757 -74.3267 1
39.1754 -74.2626 1
39.1751 -74.1984 1
39.1748 -74.1343 1
39.1745 -74.0701 1
39.1727 -74.3116 1
39.1724 -74.2475 1
39.1722 -74.1833 1
39.1718 -74.1192 1
39.1697 -74.2965 1
39.1695 -74.2324 1
39.1692 -74.1683 1
39.1688 -74.1042 1
39.1672 -74.4097 1
39.1667 -74.2815 1
39.1665 -74.2173 1
39.1662 -74.1532 1
39.1658 -74.0891 1
39.1642 -74.3947 1
39.1640 -74.3305 1
39.1637 -74.2664 1
39.1635 -74.2023 1
39.1632 -74.1382 1
39.1628 -74.0740 1
39.1610 -74.3155 1
39.1608 -74.2513 1
39.1605 -74.1872 1
39.1602 -74.1231 1
39.1584 -74.4286 1
39.1580 -74.3004 1
39.1578 -74.2363 1
39.1575 -74.1721 1
39.1572 -74.1080 1
39.1550 -74.2853 1
39.1548 -74.2212 1
39.1545 -74.1571 1
39.1541 -74.0930 1
39.1521 -74.2703 1
39.1518 -74.2061 1
39.1515 -74.1420 1
39.1493 -74.3193 1
39.1491 -74.2552 1
39.1488 -74.1911 1
39.1485 -74.1270 1
39.1463 -74.3042 1
39.1461 -74.2401 1
39.1458 -74.1760 1
39.1455 -74.1119 1
39.1434 -74.2892 1
39.1431 -74.2251 1
39.1428 -74.1609 1
39.1404 -74.2741 1
39.1401 -74.2100 1
39.1398 -74.1459 1
39.1376 -74.3232 1
39.1374 -74.2590 1
39.1371 -74.1949 1
39.1368 -74.1308 1
39.1349 -74.3722 1
39.1347 -74.3081 1
39.1344 -74.2440 1
39.1341 -74.1799 1
39.1338 -74.1158 1
39.1319 -74.3571 1
39.1317 -74.2930 1
39.1314 -74.2289 1
39.1311 -74.1648 1
39.1289 -74.3420 1
39.1287 -74.2780 1
39.1284 -74.2139 1
39.1281 -74.1498 1
39.1260 -74.3270 1
39.1257 -74.2629 1
39.1254 -74.1988 1
39.1251 -74.1347 1
39.1232 -74.3760 1
39.1230 -74.3119 1
39.1227 -74.2478 1
39.1224 -74.1837 1
39.1202 -74.3610 1
39.1200 -74.2969 1
39.1197 -74.2328 1
39.1194 -74.1687 1
39.1172 -74.3459 1
39.1170 -74.2818 1
39.1167 -74.2177 1
39.1164 -74.1536 1
39.1143 -74.3308 1
39.1140 -74.2667 1
39.1137 -74.2027 1
39.1134 -74.1386 1
39.1115 -74.3798 1
39.1113 -74.3158 1
39.1110 -74.2517 1
39.1108 -74.1876 1
39.1085 -74.3648 1
39.1083 -74.3007 1
39.1081 -74.2366 1
39.1078 -74.1725 1
39.1059 -74.4778 1
39.1056 -74.3497 1
39.1053 -74.2856 1
39.1051 -74.2216 1
39.1048 -74.1575 1
39.1029 -74.4628 1
39.1026 -74.3347 1
39.1023 -74.2706 1
39.1021 -74.2065 1
39.1018 -74.1425 1
39.1000 -74.4478 1
39.0998 -74.3837 1
39.0996 -74.3196 1
39.0994 -74.2555 1
39.0991 -74.1915 1
39.0972 -74.4967 1
39.0968 -74.3686 1
39.0966 -74.3045 1
39.0964 -74.2405 1
39.0961 -74.1764 1
39.0942 -74.4817 1
39.0939 -74.3535 1
39.0936 -74.2895 1
39.0934 -74.2254 1
39.0931 -74.1614 1
39.0913 -74.4666 1
39.0911 -74.4026 1
39.0909 -74.3385 1
39.0907 -74.2744 1
39.0904 -74.2104 1
39.0883 -74.4515 1
39.0881 -74.3875 1
39.0879 -74.3234 1
39.0877 -74.2594 1
39.0874 -74.1953 1
39.0853 -74.4365 1
39.0852 -74.3724 1
39.0849 -74.3084 1
39.0847 -74.2443 1
39.0844 -74.1803 1
39.0825 -74.4855 1
39.0824 -74.4214 1
39.0822 -74.3574 1
39.0820 -74.2933 1
39.0817 -74.2293 1
39.0796 -74.4704 1
39.0794 -74.4064 1
39.0792 -74.3423 1
39.0790 -74.2783 1
39.0787 -74.2142 1
39.0766 -74.4554 1
39.0764 -74.3913 1
39.0762 -74.3273 1
39.0760 -74.2632 1
39.0757 -74.1992 1
39.0737 -74.4403 1
39.0735 -74.3763 1
39.0732 -74.3122 1
39.0730 -74.2482 1
39.0727 -74.1841 1
39.0708 -74.4893 1
39.0707 -74.4252 1
39.0705 -74.3612 1
39.0703 -74.2972 1
39.0700 -74.2331 1
39.0679 -74.4742 1
39.0677 -74.4102 1
39.0675 -74.3462 1
39.0673 -74.2821 1
39.0670 -74.2181 1
39.0649 -74.4592 1
39.0647 -74.3951 1
39.0645 -74.3311 1
39.0643 -74.2671 1
39.0640 -74.2030 1
39.0619 -74.4441 1
39.0618 -74.3801 1
39.0616 -74.3160 1
39.0613 -74.2520 1
39.0591 -74.4931 1
39.0590 -74.4291 1
39.0588 -74.3651 1
39.0586 -74.3010 1
39.0583 -74.2370 1
39.0562 -74.4780 1
39.0560 -74.4140 1
39.0558 -74.3500 1
39.0556 -74.2859 1
39.0553 -74.2219 1
39.0532 -74.4630 1
39.0531 -74.3990 1
39.0529 -74.3349 1
39.0526 -74.2709 1
39.0503 -74.4479 1
39.0501 -74.3839 1
39.0499 -74.3199 1
39.0496 -74.2559 1
39.0475 -74.4969 1
39.0473 -74.4329 1
39.0471 -74.3689 1
39.0469 -74.3048 1
39.0466 -74.2408 1
39.0445 -74.4819 1
39.0443 -74.4178 1
39.0441 -74.3538 1
39.0439 -74.2898 1
39.0437 -74.2258 1
39.0415 -74.4668 1
39.0414 -74.4028 1
39.0412 -74.3388 1
39.0409 -74.2747 1
39.0386 -74.4518 1
39.0384 -74.3878 1
39.0382 -74.3237 1
39.0380 -74.2597 1
39.0358 -74.5007 1
39.0356 -74.4367 1
39.0354 -74.3727 1
39.0352 -74.3087 1
39.0350 -74.2447 1
39.0328 -74.4857 1
39.0326 -74.4217 1
39.0325 -74.3577 1
39.0322 -74.2936 1
39.0298 -74.4706 1
39.0297 -74.4066 1
39.0295 -74.3426 1
39.0293 -74.2786 1
39.0267 -74.3915 1
39.0265 -74.3276 1
39.0263 -74.2635 1
39.0239 -74.4405 1
39.0237 -74.3765 1
39.0235 -74.3125 1
39.0210 -74.4255 1
39.0208 -74.3615 1
39.0205 -74.2975 1
39.0180 -74.4104 1
39.0178 -74.3464 1
39.0176 -74.2824 1
39.0150 -74.3954 1
39.0148 -74.3314 1
39.0146 -74.2674 1
39.0122 -74.4443 1
39.0121 -74.3803 1
39.0118 -74.3163 1
39.0093 -74.4293 1
39.0091 -74.3653 1
39.0089 -74.3013 1
39.0063 -74.4142 1
39.0061 -74.3503 1
39.0059 -74.2863 1
39.0033 -74.3992 1
39.0031 -74.3352 1
39.0004 -74.3842 1
39.0002 -74.3202 1
38.9976 -74.4331 1
38.9974 -74.3691 1
38.9972 -74.3051 1
38.9946 -74.4181 1
38.9944 -74.3541 1
38.9916 -74.4030 1
38.9915 -74.3391 1
38.9887 -74.3880 1
38.9885 -74.3240 1
38.9859 -74.4369 1
38.9857 -74.3730 1
38.9855 -74.3090 1
38.9829 -74.4219 1
38.9827 -74.3579 1
38.9800 -74.4068 1
38.9798 -74.3429 1
38.9770 -74.3918 1
38.9742 -74.4407 1
38.9740 -74.3768 1
38.9712 -74.4257 1
38.9710 -74.3618 1
38.9683 -74.4106 1
38.9681 -74.3467 1
38.9653 -74.3956 1
38.9625 -74.4445 1
38.9623 -74.3806 1
38.9596 -74.4295 1
38.9594 -74.3656 1
38.9566 -74.4145 1
38.9564 -74.3505 1
38.9536 -74.3994 1
38.9534 -74.3355 1
38.9507 -74.3844 1
38.9479 -74.4333 1
38.9477 -74.3694 1
38.9449 -74.4183 1
38.9447 -74.3544 1
38.9419 -74.4033 1
38.9417 -74.3393 1
38.9362 -74.4371 1
38.9332 -74.4221 1
38.9302 -74.4071 1
38.9273 -74.3920 1
38.9245 -74.4409 1
38.9215 -74.4259 1
38.9186 -74.4109 1
38.9156 -74.3959 1
38.9128 -74.4447 1
38.9098 -74.4297 1
38.9069 -74.4147 1
38.9039 -74.3997 1
38.8981 -74.4335 1
40.6432 -72.1714 1
40.6233 -72.1953 1
40.6200 -72.1800 1
40.6149 -72.2149 1
40.6066 -72.2345 1
40.6001 -72.2039 1
40.5968 -72.1886 1
40.5936 -72.1733 1
40.5917 -72.2234 1
40.5898 -72.2736 1
40.5866 -72.2583 1
40.5833 -72.2430 1
40.5768 -72.2124 1
40.5736 -72.1971 1
40.4493 -72.7360 1
40.4451 -72.8360 1
40.4419 -72.8207 1
40.4398 -72.8707 1
40.4387 -72.8054 1
40.4366 -72.8554 1
40.4324 -72.7749 1
40.4292 -72.7596 1
40.4260 -72.7443 1
40.3128 -72.9815 1
40.3096 -72.9663 1
40.3043 -73.0009 1
40.3021 -73.0508 1
40.2958 -73.0203 1
40.2895 -72.9898 1
40.2873 -73.0397 1
40.2864 -72.9745 1
40.2819 -73.0743 1
40.2810 -73.0092 1
40.2788 -73.0591 1
40.2734 -73.0937 1
40.2725 -73.0286 1
40.2662 -72.9980 1
40.2649 -73.1131 1
40.2640 -73.0479 1
40.2587 -73.0826 1
40.2555 -73.0673 1
40.2502 -73.1019 1
40.2492 -73.0368 1
40.2448 -73.1365 1
40.2416 -73.1213 1
40.2407 -73.0562 1
40.2354 -73.0908 1
40.2345 -73.0257 1
40.2322 -73.0755 1
40.2269 -73.1101 1
40.2260 -73.0450 1
40.2246 -73.1600 1
40.2215 -73.1447 1
40.2183 -73.1295 1
40.2161 -73.1793 1
40.2121 -73.0990 1
40.2036 -73.1183 1
40.2013 -73.1682 1
40.1982 -73.1529 1
40.1973 -73.0878 1
40.1959 -73.2028 1
40.1951 -73.1377 1
40.1888 -73.1072 1
40.0125 -72.6798 1
40.0093 -72.6646 1
40.0062 -72.6494 1
40.0030 -72.6342 1
39.9966 -72.6039 1
39.9934 -72.5887 1
39.9861 -72.6729 1
39.9829 -72.6577 1
39.9797 -72.6426 1
39.9776 -72.6923 1
39.9765 -72.6274 1
39.9733 -72.6122 1
39.9713 -72.8413 1
39.9701 -72.5970 1
39.9692 -72.7116 1
39.9682 -72.8261 1
39.9628 -72.6812 1
39.9596 -72.6661 1
39.9587 -72.7806 1
39.9565 -72.6509 1
39.9555 -72.7654 1
39.9544 -72.7006 1
39.9534 -72.8151 1
39.9533 -72.6357 1
39.9502 -72.7999 1
39.9501 -72.6206 1
39.9491 -72.7351 1
39.9481 -72.8495 1
39.9459 -72.7199 1
39.9449 -72.8344 1
39.9407 -72.7544 1
39.9396 -72.6896 1
39.9364 -72.6744 1
39.9354 -72.7889 1
39.9332 -72.6592 1
39.9322 -72.7737 1
39.9311 -72.7089 1
39.9301 -72.8234 1
39.9300 -72.6441 1
39.9269 -72.8082 1
39.9259 -72.7433 1
39.9227 -72.7282 1
39.9174 -72.7627 1
39.9163 -72.6979 1
39.9131 -72.6827 1
39.9121 -72.7971 1
39.9099 -72.6675 1
39.9090 -72.7820 1
39.9079 -72.7172 1
39.9026 -72.7516 1
39.8994 -72.7365 1
39.8867 -72.6759 1
39.6880 -73.2823 1
39.6732 -73.2712 1
39.6647 -73.2904 1
39.6500 -73.2793 1
39.6352 -73.2682 1
39.6267 -73.2874 1
39.6204 -73.2571 1
39.6119 -73.2763 1
39.5971 -73.2652 1
39.5940 -73.2501 1
39.5886 -73.2844 1
39.5754 -73.4023 1
39.5738 -73.2733 1
39.5723 -73.3871 1
39.5707 -73.2582 1
39.5692 -73.3720 1
39.5668 -73.4214 1
39.5653 -73.2924 1
39.5645 -73.2280 1
39.5560 -73.2471 1
39.5521 -73.4103 1
39.5505 -73.2814 1
39.5497 -73.2169 1
39.5490 -73.3952 1
39.5474 -73.2663 1
39.5466 -73.4445 1
39.5459 -73.3801 1
39.5451 -73.3156 1
39.5435 -73.4294 1
39.5428 -73.3650 1
39.5412 -73.2361 1
39.5396 -73.3499 1
39.5327 -73.2552 1
39.5303 -73.3045 1
39.5287 -73.4183 1
39.5272 -73.2894 1
39.5264 -73.2250 1
39.5257 -73.4032 1
39.5249 -73.3388 1
39.5241 -73.2743 1
39.5233 -73.2099 1
39.5233 -73.4526 1
39.5226 -73.3881 1
39.5218 -73.3237 1
39.5202 -73.4375 1
39.5195 -73.3730 1
39.5179 -73.2441 1
39.5163 -73.3579 1
39.5147 -73.4717 1
39.5094 -73.2633 1
39.5070 -73.3126 1
39.5054 -73.4264 1
39.5039 -73.2975 1
39.5031 -73.2331 1
39.5023 -73.4113 1
39.5016 -73.3468 1
39.5008 -73.2824 1
39.5000 -73.2180 1
39.5000 -73.4606 1
39.4992 -73.3961 1
39.4985 -73.3317 1
39.4969 -73.2029 1
39.4969 -73.4455 1
39.4962 -73.3810 1
39.4946 -73.2522 1
39.4930 -73.3659 1
39.4914 -73.4797 1
39.4861 -73.2713 1
39.4837 -73.3206 1
39.4828 -73.4988 1
39.4821 -73.4344 1
39.4806 -73.3055 1
39.4798 -73.2411 1
39.4790 -73.4193 1
39.4783 -73.3549 1
39.4775 -73.2905 1
39.4767 -73.2261 1
39.4767 -73.4686 1
39.4759 -73.4042 1
39.4752 -73.3398 1
39.4736 -73.2110 1
39.4736 -73.4535 1
39.4728 -73.3891 1
39.4713 -73.2603 1
39.4697 -73.3740 1
39.4681 -73.4877 1
39.4627 -73.2794 1
39.4604 -73.3287 1
39.4595 -73.5068 1
39.4588 -73.4424 1
39.4573 -73.3136 1
39.4565 -73.2492 1
39.4557 -73.4273 1
39.4550 -73.3629 1
39.4542 -73.2985 1
39.4534 -73.2341 1
39.4533 -73.4766 1
39.4526 -73.4122 1
39.4519 -73.3478 1
39.4509 -73.5259 1
39.4503 -73.2191 1
39.4502 -73.4615 1
39.4495 -73.3971 1
39.4480 -73.2683 1
39.4464 -73.3820 1
39.4448 -73.4957 1
39.4395 -73.2875 1
39.4371 -73.3367 1
39.4362 -73.5148 1
39.4355 -73.4504 1
39.4340 -73.3217 1
39.4332 -73.2573 1
39.4324 -73.4353 1
39.4317 -73.3709 1
39.4309 -73.3066 1
39.4301 -73.2422 1
39.4300 -73.4846 1
39.4293 -73.4202 1
39.4286 -73.3558 1
39.4276 -73.5338 1
39.4269 -73.4695 1
39.4262 -73.4051 1
39.4247 -73.2764 1
39.4231 -73.3900 1
39.4214 -73.5037 1
39.4162 -73.2955 1
39.4138 -73.3448 1
39.4129 -73.5227 1
39.4122 -73.4584 1
39.4107 -73.3297 1
39.4099 -73.2654 1
39.4091 -73.4433 1
39.4084 -73.3790 1
39.4076 -73.3146 1
39.4068 -73.2503 1
39.4067 -73.4926 1
39.4060 -73.4282 1
39.4053 -73.3639 1
39.4036 -73.4775 1
39.4029 -73.4131 1
39.4014 -73.2845 1
39.3998 -73.3980 1
39.3981 -73.5116 1
39.3929 -73.3036 1
39.3905 -73.3528 1
39.3896 -73.5307 1
39.3889 -73.4664 1
39.3874 -73.3377 1
39.3866 -73.2734 1
39.3858 -73.4513 1
39.3851 -73.3870 1
39.3843 -73.3227 1
39.3834 -73.5005 1
39.3827 -73.4362 1
39.3820 -73.3719 1
39.3803 -73.4855 1
39.3796 -73.4211 1
39.3781 -73.2925 1
39.3765 -73.4061 1
39.3748 -73.5196 1
39.3695 -73.3116 1
39.3672 -73.3608 1
39.3656 -73.4744 1
39.3641 -73.3458 1
39.3625 -73.4593 1
39.3618 -73.3950 1
39.3610 -73.3307 1
39.3601 -73.5085 1
39.3594 -73.4442 1
39.3587 -73.3799 1
39.3570 -73.4934 1
39.3563 -73.4291 1
39.3548 -73.3005 1
39.3532 -73.4141 1
39.3462 -73.3196 1
39.3439 -73.3689 1
39.3422 -73.4824 1
39.3408 -73.3538 1
39.3392 -73.4673 1
39.3385 -73.4030 1
39.3377 -73.3387 1
39.3368 -73.5165 1
39.3361 -73.4522 1
39.3353 -73.3879 1
39.3337 -73.5014 1
39.3330 -73.4371 1
39.3299 -73.4221 1
39.3229 -73.3277 1
39.3206 -73.3769 1
39.3189 -73.4903 1
39.3175 -73.3618 1
39.3158 -73.4753 1
39.3151 -73.4110 1
39.3144 -73.3467 1
39.3134 -73.5244 1
39.3128 -73.4602 1
39.3120 -73.3959 1
39.3104 -73.5094 1
39.3097 -73.4451 1
39.3066 -73.4301 1
39.2996 -73.3357 1
39.2973 -73.3849 1
39.2956 -73.4983 1
39.2942 -73.3698 1
39.2925 -73.4832 1
39.2918 -73.4190 1
39.2911 -73.3548 1
39.2894 -73.4682 1
39.2887 -73.4039 1
39.2870 -73.5173 1
39.2864 -73.4531 1
39.2833 -73.4380 1
39.2740 -73.3929 1
39.2723 -73.5063 1
39.2709 -73.3778 1
39.2692 -73.4912 1
39.2685 -73.4270 1
39.2678 -73.3628 1
39.2661 -73.4761 1
39.2654 -73.4119 1
39.2630 -73.4611 1
39.2600 -73.4460 1
39.2507 -73.4009 1
39.2459 -73.4992 1
39.2452 -73.4350 1
39.2428 -73.4841 1
39.2421 -73.4199 1
39.2397 -73.4691 1
39.2366 -73.4540 1
39.2359 -73.3898 1
39.2274 -73.4089 1
39.2226 -73.5071 1
39.2219 -73.4430 1
39.2195 -73.4921 1
39.2188 -73.4279 1
39.2164 -73.4771 1
39.2133 -73.4620 1
39.2041 -73.4169 1
39.1986 -73.4509 1
39.1962 -73.5001 1
39.1955 -73.4359 1
39.1931 -73.4850 1
40.6581 -72.1825 1
40.6548 -72.1672 1
40.6246 -72.2608 1
40.6214 -72.2455 1
40.6182 -72.2302 1
40.6163 -72.2803 1
40.6079 -72.2999 1
40.6014 -72.2693 1
40.5931 -72.2889 1
40.5879 -72.3237 1
40.5860 -72.3738 1
40.5847 -72.3084 1
40.5828 -72.3586 1
40.5795 -72.3433 1
40.5750 -72.2626 1
40.5698 -72.2974 1
40.5685 -72.2320 1
40.5660 -72.3976 1
40.5652 -72.2167 1
40.5647 -72.3322 1
40.5640 -72.4478 1
40.5628 -72.3824 1
40.5614 -72.3170 1
40.5608 -72.4325 1
40.5601 -72.2516 1
40.5595 -72.3671 1
40.5576 -72.4172 1
40.5563 -72.3518 1
40.5550 -72.2864 1
40.4652 -72.8124 1
40.4588 -72.7818 1
40.4567 -72.8318 1
40.4556 -72.7665 1
40.4525 -72.7513 1
40.4504 -72.8013 1
40.4239 -72.7943 1
40.4229 -72.7290 1
40.4228 -72.9096 1
40.4186 -72.8290 1
40.4175 -72.9443 1
40.4144 -72.7485 1
40.4143 -72.9290 1
40.4133 -72.8638 1
40.4080 -72.8985 1
40.4049 -72.8832 1
40.0549 -72.7626 1
40.0538 -72.6977 1
40.0517 -72.7474 1
40.0506 -72.6825 1
40.0442 -72.6521 1
40.0369 -72.7364 1
40.0358 -72.6714 1
40.0348 -72.7861 1
40.0337 -72.7212 1
40.0316 -72.7709 1
40.0305 -72.7060 1
40.0294 -72.6411 1
40.0284 -72.7557 1
40.0273 -72.6908 1
40.0136 -72.7447 1
40.0125 -72.6798 1
40.0105 -72.7295 1
40.0084 -72.7792 1
40.0073 -72.7143 1
40.0052 -72.7640 1
40.0041 -72.6991 1
40.0031 -72.8137 1
39.9999 -72.7985 1
39.9978 -72.8482 1
39.9904 -72.7530 1
39.9872 -72.7378 1
39.9851 -72.7875 1
39.9830 -72.8372 1
39.9819 -72.7723 1
39.9798 -72.8220 1
39.9777 -72.8717 1
39.9775 -73.5396 1
39.9766 -72.8068 1
39.9745 -72.8565 1
39.9724 -72.7267 1
39.9692 -72.8910 1
39.9671 -72.7613 1
39.9639 -72.7461 1
39.9628 -73.5284 1
39.9618 -72.7958 1
39.9573 -73.5628 1
39.9542 -73.5476 1
39.9512 -72.8647 1
39.9487 -73.5821 1
39.9395 -73.5364 1
39.9340 -73.5709 1
39.9309 -73.5557 1
39.9284 -73.6053 1
39.9254 -73.5901 1
39.9162 -73.5445 1
39.9131 -73.5293 1
39.9106 -73.5789 1
39.9076 -73.5637 1
39.9051 -73.6133 1
39.9021 -73.5981 1
39.8962 -72.7213 1
39.8931 -72.7062 1
39.8928 -73.5525 1
39.8910 -72.7558 1
39.8899 -72.6910 1
39.8898 -73.5373 1
39.8878 -72.7407 1
39.8873 -73.5869 1
39.8843 -73.5717 1
39.8825 -72.7751 1
39.8818 -73.6213 1
39.8787 -73.6061 1
39.8730 -72.7296 1
39.8698 -72.7145 1
39.8695 -73.5605 1
39.8677 -72.7641 1
39.8666 -72.6993 1
39.8664 -73.5453 1
39.8645 -72.7489 1
39.8640 -73.5949 1
39.8634 -73.5302 1
39.8609 -73.5797 1
39.8465 -72.7228 1
39.8462 -73.5685 1
39.8433 -72.7076 1
39.8431 -73.5533 1
39.8407 -73.6029 1
39.8400 -73.5381 1
39.8376 -73.5877 1
39.8247 -73.2185 1
39.8229 -73.5765 1
39.8198 -73.5613 1
39.8174 -73.6109 1
39.8167 -73.5462 1
39.8162 -73.2377 1
39.8143 -73.5957 1
39.8107 -73.2721 1
39.8106 -73.5158 1
39.8099 -73.2074 1
39.8076 -73.2570 1
39.8068 -73.1923 1
39.8037 -73.1771 1
39.8020 -73.5350 1
39.8014 -73.2266 1
39.7996 -73.5845 1
39.7965 -73.5694 1
39.7934 -73.5542 1
39.7929 -73.2458 1
39.7889 -73.1660 1
39.7873 -73.5238 1
39.7866 -73.2155 1
39.7843 -73.2651 1
39.7835 -73.2004 1
39.7804 -73.1852 1
39.7787 -73.5430 1
39.7781 -73.2347 1
39.7762 -73.5925 1
39.7741 -73.1549 1
39.7732 -73.5774 1
39.7710 -73.1398 1
39.7701 -73.5622 1
39.7696 -73.2540 1
39.7656 -73.1741 1
39.7639 -73.5319 1
39.7633 -73.2237 1
39.7610 -73.2732 1
39.7609 -73.5167 1
39.7602 -73.2085 1
39.7571 -73.1934 1
39.7562 -73.1287 1
39.7554 -73.5510 1
39.7548 -73.2429 1
39.7525 -73.2924 1
39.7508 -73.1631 1
39.7499 -73.5854 1
39.7477 -73.1479 1
39.7468 -73.5702 1
39.7463 -73.2621 1
39.7423 -73.1823 1
39.7414 -73.1176 1
39.7406 -73.5399 1
39.7400 -73.2318 1
39.7377 -73.2813 1
39.7375 -73.5247 1
39.7369 -73.2166 1
39.7352 -73.0873 1
39.7338 -73.2015 1
39.7329 -73.1368 1
39.7321 -73.5590 1
39.7315 -73.2510 1
39.7292 -73.3005 1
39.7275 -73.1712 1
39.7267 -73.1066 1
39.7265 -73.5934 1
39.7244 -73.1561 1
39.7235 -73.5782 1
39.7230 -73.2702 1
39.7197 -73.4984 1
39.7190 -73.1904 1
39.7182 -73.1258 1
39.7173 -73.5479 1
39.7167 -73.2399 1
39.7144 -73.2894 1
39.7142 -73.5327 1
39.7136 -73.2247 1
39.7119 -73.0955 1
39.7112 -73.5175 1
39.7105 -73.2096 1
39.7096 -73.1450 1
39.7088 -73.0804 1
39.7087 -73.5670 1
39.7082 -73.2591 1
39.7056 -73.0652 1
39.7043 -73.1793 1
39.7034 -73.1147 1
39.7011 -73.1642 1
39.7001 -73.5862 1
39.6997 -73.2783 1
39.6964 -73.5064 1
39.6957 -73.1985 1
39.6949 -73.1339 1
39.6940 -73.5558 1
39.6934 -73.2480 1
39.6933 -73.4913 1
39.6911 -73.2974 1
39.6909 -73.5407 1
39.6908 -73.0542 1
39.6903 -73.2328 1
39.6886 -73.1036 1
39.6878 -73.5256 1
39.6877 -73.0391 1
39.6872 -73.2177 1
39.6864 -73.1531 1
39.6855 -73.0885 1
39.6854 -73.5750 1
39.6849 -73.2672 1
39.6823 -73.0734 1
39.6810 -73.1874 1
39.6801 -73.1229 1
39.6786 -73.4801 1
39.6778 -73.1723 1
39.6768 -73.5941 1
39.6755 -73.4650 1
39.6731 -73.5144 1
39.6729 -73.0280 1
39.6724 -73.2066 1
39.6717 -73.3853 1
39.6716 -73.1420 1
39.6707 -73.5638 1
39.6701 -73.2561 1
39.6700 -73.4993 1
39.6693 -73.4347 1
39.6682 -73.6133 1
39.6678 -73.3055 1
39.6676 -73.5487 1
39.6676 -73.0623 1
39.6670 -73.2409 1
39.6653 -73.1118 1
39.6645 -73.5336 1
39.6644 -73.0472 1
39.6639 -73.2258 1
39.6631 -73.4044 1
39.6631 -73.1613 1
39.6622 -73.0967 1
39.6621 -73.5830 1
39.6608 -73.4539 1
39.6590 -73.0815 1
39.6577 -73.1956 1
39.6568 -73.1310 1
39.6553 -73.4881 1
39.6546 -73.4236 1
39.6545 -73.1804 1
39.6535 -73.6021 1
39.6522 -73.4730 1
39.6498 -73.5224 1
39.6496 -73.0362 1
39.6491 -73.2147 1
39.6484 -73.3933 1
39.6483 -73.1502 1
39.6474 -73.5718 1
39.6468 -73.2642 1
39.6467 -73.5073 1
39.6460 -73.4427 1
39.6443 -73.5567 1
39.6443 -73.0705 1
39.6437 -73.2490 1
39.6420 -73.1199 1
39.6414 -73.2985 1
39.6412 -73.5416 1
39.6411 -73.0554 1
39.6406 -73.2339 1
39.6398 -73.4124 1
39.6398 -73.1694 1
39.6389 -73.1048 1
39.6388 -73.5910 1
39.6374 -73.4619 1
39.6358 -73.0897 1
39.6344 -73.2037 1
39.6336 -73.3822 1
39.6335 -73.1391 1
39.6320 -73.4962 1
39.6313 -73.4316 1
39.6312 -73.1885 1
39.6302 -73.6101 1
39.6289 -73.4810 1
39.6265 -73.5304 1
39.6258 -73.2228 1
39.6251 -73.4013 1
39.6250 -73.1583 1
39.6240 -73.5798 1
39.6234 -73.5153 1
39.6227 -73.4507 1
39.6210 -73.0786 1
39.6210 -73.5647 1
39.6187 -73.1281 1
39.6181 -73.3065 1
39.6179 -73.5496 1
39.6178 -73.0635 1
39.6173 -73.2420 1
39.6165 -73.4205 1
39.6165 -73.1775 1
39.6156 -73.1129 1
39.6154 -73.5989 1
39.6147 -73.0484 1
39.6141 -73.4699 1
39.6125 -73.0978 1
39.6111 -73.2118 1
39.6103 -73.3902 1
39.6102 -73.1472 1
39.6086 -73.5042 1
39.6080 -73.4396 1
39.6080 -73.1967 1
39.6056 -73.4890 1
39.6041 -73.3600 1
39.6031 -73.5384 1
39.6025 -73.2309 1
39.6018 -73.4094 1
39.6017 -73.1664 1
39.6010 -73.3448 1
39.6007 -73.5878 1
39.6001 -73.5233 1
39.5994 -73.4588 1
39.5979 -73.3297 1
39.5977 -73.0868 1
39.5976 -73.5727 1
39.5956 -73.3791 1
39.5954 -73.1362 1
39.5948 -73.3146 1
39.5946 -73.5576 1
39.5946 -73.0717 1
39.5932 -73.4285 1
39.5932 -73.1856 1
39.5923 -73.1211 1
39.5921 -73.6069 1
39.5917 -73.2995 1
39.5908 -73.4779 1
39.5892 -73.1060 1
39.5878 -73.2198 1
39.5870 -73.3983 1
39.5869 -73.1554 1
39.5853 -73.5121 1
39.5847 -73.2047 1
39.5846 -73.4476 1
39.5823 -73.4970 1
39.5808 -73.3680 1
39.5798 -73.5464 1
39.5793 -73.2390 1
39.5784 -73.1745 1
39.5777 -73.3529 1
39.5774 -73.5958 1
39.5767 -73.5313 1
39.5761 -73.4668 1
39.5746 -73.3378 1
39.5744 -73.0949 1
39.5743 -73.5807 1
39.5722 -73.1443 1
39.5715 -73.3227 1
39.5713 -73.0798 1
39.5713 -73.5655 1
39.5699 -73.4365 1
39.5699 -73.1937 1
39.5690 -73.1292 1
39.5688 -73.6149 1
39.5684 -73.3076 1
39.5681 -73.0647 1
39.5675 -73.4859 1
39.5659 -73.1141 1
39.5636 -73.1635 1
39.5620 -73.5201 1
39.5614 -73.2128 1
39.5613 -73.4557 1
39.5589 -73.5050 1
39.5565 -73.5544 1
39.5551 -73.1826 1
39.5544 -73.3610 1
39.5541 -73.6038 1
39.5534 -73.5393 1
39.5528 -73.4748 1
39.5513 -73.3458 1
39.5511 -73.1031 1
39.5510 -73.5886 1
39.5489 -73.1524 1
39.5482 -73.3307 1
39.5480 -73.0880 1
39.5479 -73.5735 1
39.5466 -73.2018 1
39.5457 -73.1373 1
39.5442 -73.4939 1
39.5426 -73.1222 1
39.5403 -73.1716 1
39.5387 -73.5281 1
39.5356 -73.5130 1
39.5332 -73.5624 1
39.5318 -73.1907 1
39.5308 -73.6117 1
39.5301 -73.5472 1
39.5295 -73.4828 1
39.5278 -73.1112 1
39.5277 -73.5966 1
39.5264 -73.4677 1
39.5256 -73.1605 1
39.5247 -73.0961 1
39.5246 -73.5815 1
39.5224 -73.1454 1
39.5209 -73.5019 1
39.5193 -73.1303 1
39.5171 -73.1797 1
39.5154 -73.5361 1
39.5123 -73.5210 1
39.5099 -73.5703 1
39.5085 -73.1988 1
39.5074 -73.6197 1
39.5068 -73.5552 1
39.5061 -73.4908 1
39.5045 -73.1193 1
39.5044 -73.6046 1
39.5023 -73.1686 1
39.5013 -73.5894 1
39.4976 -73.5099 1
39.4938 -73.1878 1
39.4921 -73.5441 1
39.4890 -73.5290 1
39.4866 -73.5783 1
39.4841 -73.6276 1
39.4835 -73.5632 1
39.4810 -73.6125 1
39.4780 -73.5974 1
39.4742 -73.5179 1
39.4687 -73.5521 1
39.4657 -73.5370 1
39.4632 -73.5863 1
39.4602 -73.5712 1
39.4577 -73.6205 1
39.4546 -73.6053 1
39.4491 -73.6395 1
39.4454 -73.5601 1
39.4424 -73.5450 1
39.4399 -73.5942 1
39.4368 -73.5791 1
39.4344 -73.6284 1
39.4313 -73.6133 1
39.4258 -73.6475 1
39.4221 -73.5680 1
39.4190 -73.5529 1
39.4166 -73.6022 1
39.4159 -73.5378 1
39.4135 -73.5871 1
39.4111 -73.6364 1
39.4080 -73.6212 1
39.3988 -73.5760 1
39.3957 -73.5609 1
39.3933 -73.6101 1
39.3926 -73.5458 1
39.3902 -73.5950 1
39.3877 -73.6443 1
39.3847 -73.6292 1
39.3755 -73.5839 1
39.3724 -73.5688 1
39.3699 -73.6181 1
39.3693 -73.5538 1
39.3669 -73.6030 1
39.3662 -73.5387 1
39.3613 -73.6371 1
39.3521 -73.5919 1
39.3515 -73.5276 1
39.3491 -73.5768 1
39.3466 -73.6260 1
39.3460 -73.5617 1
39.3435 -73.6109 1
39.3429 -73.5466 1
39.3380 -73.6451 1
39.3288 -73.5998 1
39.3282 -73.5356 1
39.3257 -73.5847 1
39.3233 -73.6339 1
39.3227 -73.5697 1
39.3202 -73.6189 1
39.3196 -73.5546 1
39.3134 -73.5244 1
39.3055 -73.6078 1
39.3049 -73.5435 1
39.3024 -73.5927 1
39.3000 -73.6418 1
39.2994 -73.5776 1
39.2969 -73.6268 1
39.2963 -73.5626 1
39.2901 -73.5324 1
39.2822 -73.6157 1
39.2815 -73.5515 1
39.2791 -73.6006 1
39.2766 -73.6498 1
39.2760 -73.5856 1
39.2736 -73.6347 1
39.2730 -73.5705 1
39.2668 -73.5404 1
39.2637 -73.5253 1
39.2589 -73.6236 1
39.2582 -73.5594 1
39.2558 -73.6086 1
39.2527 -73.5935 1
39.2502 -73.6426 1
39.2496 -73.5784 1
39.2435 -73.5483 1
39.2404 -73.5333 1
39.2373 -73.5182 1
39.2355 -73.6315 1
39.2349 -73.5674 1
39.2325 -73.6165 1
39.2294 -73.6014 1
39.2269 -73.6505 1
39.2263 -73.5864 1
39.2202 -73.5563 1
39.2171 -73.5412 1
39.2140 -73.5262 1
39.2122 -73.6395 1
39.2116 -73.5753 1
39.2091 -73.6244 1
39.2061 -73.6093 1
39.2030 -73.5943 1
39.1993 -73.5151 1
39.1968 -73.5642 1
39.1938 -73.5492 1
40.3813 -73.5633 1
40.3752 -73.5327 1
40.3690 -73.5021 1
40.3666 -73.5521 1
40.3659 -73.4868 1
40.3611 -73.5867 1
40.3604 -73.5215 1
40.3580 -73.5714 1
40.3567 -73.4409 1
40.3536 -73.4257 1
40.3519 -73.5408 1
40.3474 -73.3951 1
40.3457 -73.5102 1
40.3443 -73.3798 1
40.3426 -73.4949 1
40.3412 -73.3645 1
40.3395 -73.4796 1
40.3388 -73.4144 1
40.3365 -73.4644 1
40.3350 -73.3339 1
40.3334 -73.4491 1
40.3303 -73.4338 1
40.3241 -73.4032 1
40.3226 -73.2728 1
40.3210 -73.3879 1
40.3202 -73.3227 1
40.3179 -73.3726 1
40.3155 -73.4225 1
40.3148 -73.3574 1
40.3140 -73.2922 1
40.3131 -73.4724 1
40.3117 -73.3421 1
40.3101 -73.4572 1
40.3078 -73.2616 1
40.3070 -73.4419 1
40.3055 -73.3115 1
40.3047 -73.2463 1
40.3016 -73.2311 1
40.3008 -73.4113 1
40.2993 -73.2810 1
40.2985 -73.2158 1
40.2977 -73.3961 1
40.2969 -73.3309 1
40.2946 -73.3808 1
40.2915 -73.3655 1
40.2907 -73.3003 1
40.2884 -73.3502 1
40.2845 -73.2698 1
40.2822 -73.3197 1
40.2814 -73.2545 1
40.2783 -73.2393 1
40.2760 -73.2891 1
40.2752 -73.2240 1
40.2736 -73.3390 1
40.2674 -73.3085 1
40.2651 -73.3583 1
40.2612 -73.2780 1
40.2604 -73.2128 1
40.2589 -73.3278 1
40.2581 -73.2627 1
40.2550 -73.2474 1
40.2527 -73.2973 1
40.2519 -73.2322 1
40.2441 -73.3166 1
40.2371 -73.2210 1
40.2348 -73.2708 1
40.2317 -73.2556 1
40.2286 -73.2403 1
40.2138 -73.2292 1
40.2053 -73.2485 1
41.2488 -71.1452 1
41.2468 -71.0792 1
41.2338 -71.1343 1
41.2318 -71.0683 1
41.2304 -71.1190 1
41.2270 -71.1036 1
41.2256 -71.1542 1
41.2236 -71.0882 1
41.2208 -71.1895 1
41.2174 -71.1741 1
41.2107 -71.1433 1
41.2087 -71.0773 1
41.2073 -71.1279 1
41.2039 -71.1126 1
41.2025 -71.1632 1
41.1977 -71.1984 1
41.1943 -71.1830 1
41.1875 -71.1523 1
41.1842 -71.1370 1
41.1808 -71.1216 1
41.1793 -71.1722 1
41.1779 -71.2228 1
41.1774 -71.1062 1
41.1745 -71.2074 1
41.1720 -71.0249 1
41.1712 -71.1920 1
41.1686 -71.0095 1
41.1652 -70.9942 1
41.1644 -71.1613 1
41.1638 -71.0447 1
41.1618 -70.9788 1
41.1610 -71.1459 1
41.1590 -71.0800 1
41.1581 -71.2471 1
41.1576 -71.1306 1
41.1562 -71.1812 1
41.1557 -71.0646 1
41.1548 -71.2317 1
41.1543 -71.1152 1
41.1514 -71.2164 2
41.1260 -71.5080 2
41.1200 -71.5140 2
41.1150 -71.5210 2
41.1100 -71.5290 2
41.1070 -71.5380 2
