29
81.  128. 0.02 4.5
2.   0.	     0.
3.   0.85    59.
4.   0.85   195.
5.   0.85   430.
6.   0.85   759.
7.   0.85  1231.
8.   0.84  1853.
9.   0.79  2614.
10.  0.70  3441.
11.  0.58  4120.
12.  0.45  4429.
13.  0.35  4495.
14.  0.27  4500.
15.  0.22  4500.
16.  0.18  4500.
17.  0.15  4500.
18.  0.13  4482.
19.  0.11  4408.
20.  0.09  4257.
21.  0.07  4060.
22.  0.06  3851.
23.  0.05  3644.
24.  0.04  3442.
25.  0.04  3245.
26.  0.03  3053.
27.  0.03  2866.
28.  0.02  2686.
29.  0.02  2518.
30.  0.02  2377.
